* LIGAND DATABASE FILE (openff_unconstrained-1.1.1)
* File generated with offpele-0.1.1
*
BNZ      40    41    72      60       0
    1     0 M  OFFT  _C7_     0   36.067058  178.618217   21.168929
    2     1 M  OFFT  _H5_     0    1.090463  131.362863  -20.922166
    3     1 M  OFFT  _H6_     0    1.089772   34.726751   40.593471
    4     6 S  OFFT  _C6_     0    1.393089  149.555581    0.094822
    5     6 S  OFFT  _H1_     0    1.079905  145.885826 -179.937059
    6     8 S  OFFT  _C1_     0    1.387189  150.693966  179.399774
    7     8 S  OFFT  _H2_     0    1.079775  144.745294   -0.583648
    8    14 S  OFFT  _C2_     0    1.400064  148.430020  -51.826504
    9    10 S  OFFT  _H3_     0    1.079662  146.591322  178.413743
   10    12 S  OFFT  _C4_     0    1.392426  151.280650    1.135175
   11    12 S  OFFT  _C8_     0    1.540630  150.727404 -178.867069
   12     4 S  OFFT  _C5_     0    1.381572  149.442874   -0.355989
   13     4 S  OFFT  _H4_     0    1.079774  145.823382  179.648928
   14     1 S  OFFT  _C3_     0    1.539459   79.160086 -125.457762
   15     1 S  OFFT  _C9_     0    1.540302  116.865093  128.900169
   16    11 S  OFFT  _C10     0    1.540044  144.716924   -0.012851
   17    11 S  OFFT  _H9_     0    1.089944  137.827508  119.980713
   18    11 S  OFFT  _H10     0    1.089311  137.823900 -120.000897
   19    15 S  OFFT  _C14     0    1.521628  144.517617  -96.008074
   20    15 S  OFFT  _H7_     0    1.090065  137.825656   24.013351
   21    15 S  OFFT  _H8_     0    1.090327  137.826065  144.019836
   22    16 S  OFFT  _H11     0    1.090418  137.842848  179.995971
   23    16 S  OFFT  _H12     0    1.090119  137.887827  -60.026123
   24    16 S  OFFT  _H13     0    1.089567  137.840334   60.050581
   25    27 S  OFFT  _C16     0    1.404761  150.016032   -0.021207
   26    27 S  OFFT  _H14     0    1.103632  146.029631  179.978748
   27    29 S  OFFT  _C11     0    1.404178  150.011620    0.010393
   28    29 S  OFFT  _C17     0    1.540677  151.528540  179.945237
   29    31 S  OFFT  _C12     0    1.404235  149.993409  179.992149
   30    31 S  OFFT  _H15     0    1.103374  146.021744   -0.017555
   31    19 S  OFFT  _C13     0    1.404646  148.693006 -179.981388
   32    33 S  OFFT  _H16     0    1.103893  146.032041 -179.979865
   33    25 S  OFFT  _C15     0    1.404235  149.972339    0.021192
   34    25 S  OFFT  _H17     0    1.103374  146.043270 -179.979900
   35    28 S  OFFT  _C18     0    1.539444  144.760830 -119.941567
   36    28 S  OFFT  _H18     0    1.090033  137.822966    0.049841
   37    28 S  OFFT  _H19     0    1.090242  137.826535  120.010740
   38    35 S  OFFT  _H20     0    1.089454  137.853667 -179.974090
   39    35 S  OFFT  _H21     0    1.090302  137.846339  -59.953267
   40    35 S  OFFT  _H22     0    1.089638  137.854222   59.923579
NBON
     1   3.3997   0.1094  -0.034100   0.0000   1.6998   0.000000000   0.000000000
     2   2.6495   0.0157   0.051700   0.0000   1.3248   0.000000000   0.000000000
     3   2.6495   0.0157   0.051700   0.0000   1.3248   0.000000000   0.000000000
     4   3.3997   0.0860  -0.130500   0.0000   1.6998   0.000000000   0.000000000
     5   2.5996   0.0150   0.130000   0.0000   1.2998   0.000000000   0.000000000
     6   3.3997   0.0860  -0.126000   0.0000   1.6998   0.000000000   0.000000000
     7   2.5996   0.0150   0.130500   0.0000   1.2998   0.000000000   0.000000000
     8   3.3997   0.0860  -0.131000   0.0000   1.6998   0.000000000   0.000000000
     9   2.5996   0.0150   0.131000   0.0000   1.2998   0.000000000   0.000000000
    10   3.3997   0.0860  -0.125500   0.0000   1.6998   0.000000000   0.000000000
    11   3.3997   0.1094  -0.038100   0.0000   1.6998   0.000000000   0.000000000
    12   3.3997   0.0860  -0.074800   0.0000   1.6998   0.000000000   0.000000000
    13   2.5996   0.0150   0.131000   0.0000   1.2998   0.000000000   0.000000000
    14   3.3997   0.0860  -0.077300   0.0000   1.6998   0.000000000   0.000000000
    15   3.3997   0.1094  -0.034100   0.0000   1.6998   0.000000000   0.000000000
    16   3.3997   0.1094  -0.089100   0.0000   1.6998   0.000000000   0.000000000
    17   2.6495   0.0157   0.046450   0.0000   1.3248   0.000000000   0.000000000
    18   2.6495   0.0157   0.046450   0.0000   1.3248   0.000000000   0.000000000
    19   3.3997   0.0860  -0.077300   0.0000   1.6998   0.000000000   0.000000000
    20   2.6495   0.0157   0.051700   0.0000   1.3248   0.000000000   0.000000000
    21   2.6495   0.0157   0.051700   0.0000   1.3248   0.000000000   0.000000000
    22   2.6495   0.0157   0.036033   0.0000   1.3248   0.000000000   0.000000000
    23   2.6495   0.0157   0.036033   0.0000   1.3248   0.000000000   0.000000000
    24   2.6495   0.0157   0.036033   0.0000   1.3248   0.000000000   0.000000000
    25   3.3997   0.0860  -0.126000   0.0000   1.6998   0.000000000   0.000000000
    26   2.5996   0.0150   0.131000   0.0000   1.2998   0.000000000   0.000000000
    27   3.3997   0.0860  -0.130500   0.0000   1.6998   0.000000000   0.000000000
    28   3.3997   0.1094  -0.038100   0.0000   1.6998   0.000000000   0.000000000
    29   3.3997   0.0860  -0.074800   0.0000   1.6998   0.000000000   0.000000000
    30   2.5996   0.0150   0.131000   0.0000   1.2998   0.000000000   0.000000000
    31   3.3997   0.0860  -0.125500   0.0000   1.6998   0.000000000   0.000000000
    32   2.5996   0.0150   0.130500   0.0000   1.2998   0.000000000   0.000000000
    33   3.3997   0.0860  -0.131000   0.0000   1.6998   0.000000000   0.000000000
    34   2.5996   0.0150   0.130000   0.0000   1.2998   0.000000000   0.000000000
    35   3.3997   0.1094  -0.089100   0.0000   1.6998   0.000000000   0.000000000
    36   2.6495   0.0157   0.046450   0.0000   1.3248   0.000000000   0.000000000
    37   2.6495   0.0157   0.046450   0.0000   1.3248   0.000000000   0.000000000
    38   2.6495   0.0157   0.036033   0.0000   1.3248   0.000000000   0.000000000
    39   2.6495   0.0157   0.036033   0.0000   1.3248   0.000000000   0.000000000
    40   2.6495   0.0157   0.036033   0.0000   1.3248   0.000000000   0.000000000
BOND
     6     8   351.893  1.389
     6     4   351.893  1.389
     6     5   404.029  1.085
     8    14   351.893  1.389
     8     7   404.029  1.085
    14    10   351.893  1.389
    14     1   323.485  1.504
    10    12   351.893  1.389
    10     9   404.029  1.085
    12     4   351.893  1.389
    12    11   323.485  1.504
     4    13   404.029  1.085
     1    15   266.914  1.521
     1     2   378.968  1.093
     1     3   378.968  1.093
    11    16   266.914  1.521
    11    17   378.968  1.093
    11    18   378.968  1.093
    15    19   323.485  1.504
    15    20   378.968  1.093
    15    21   378.968  1.093
    16    22   378.968  1.093
    16    23   378.968  1.093
    16    24   378.968  1.093
    27    29   351.893  1.389
    27    25   351.893  1.389
    27    26   404.029  1.085
    29    31   351.893  1.389
    29    28   323.485  1.504
    31    19   351.893  1.389
    31    30   404.029  1.085
    19    33   351.893  1.389
    33    25   351.893  1.389
    33    32   404.029  1.085
    25    34   404.029  1.085
    28    35   266.914  1.521
    28    36   378.968  1.093
    28    37   378.968  1.093
    35    38   378.968  1.093
    35    39   378.968  1.093
    35    40   378.968  1.093
THET
     6     8    14    76.89126  132.05548
     6     8     7    33.38428  137.96941
     6     4    12    76.89126  132.05548
     6     4    13    33.38428  137.96941
     8     6     4    76.89126  132.05548
     8     6     5    33.38428  137.96941
     8    14    10    76.89126  132.05548
     8    14     1    76.89126  132.05548
    14     8     7    33.38428  137.96941
    14    10    12    76.89126  132.05548
    14    10     9    33.38428  137.96941
    14     1    15    50.50400  107.47359
    14     1     2    50.50400  107.47359
    14     1     3    50.50400  107.47359
    10    14     1    76.89126  132.05548
    10    12     4    76.89126  132.05548
    10    12    11    76.89126  132.05548
    12    10     9    33.38428  137.96941
    12     4    13    33.38428  137.96941
    12    11    16    50.50400  107.47359
    12    11    17    50.50400  107.47359
    12    11    18    50.50400  107.47359
     4     6     5    33.38428  137.96941
     4    12    11    76.89126  132.05548
     1    15    19    50.50400  107.47359
     1    15    20    50.50400  107.47359
     1    15    21    50.50400  107.47359
    11    16    22    50.50400  107.47359
    11    16    23    50.50400  107.47359
    11    16    24    50.50400  107.47359
    15     1     2    50.50400  107.47359
    15     1     3    50.50400  107.47359
    15    19    31    76.89126  132.05548
    15    19    33    76.89126  132.05548
    16    11    17    50.50400  107.47359
    16    11    18    50.50400  107.47359
    27    29    31    76.89126  132.05548
    27    29    28    76.89126  132.05548
    27    25    33    76.89126  132.05548
    27    25    34    33.38428  137.96941
    29    27    25    76.89126  132.05548
    29    27    26    33.38428  137.96941
    29    31    19    76.89126  132.05548
    29    31    30    33.38428  137.96941
    29    28    35    50.50400  107.47359
    29    28    36    50.50400  107.47359
    29    28    37    50.50400  107.47359
    31    29    28    76.89126  132.05548
    31    19    33    76.89126  132.05548
    19    15    20    50.50400  107.47359
    19    15    21    50.50400  107.47359
    19    31    30    33.38428  137.96941
    19    33    25    76.89126  132.05548
    19    33    32    33.38428  137.96941
    33    25    34    33.38428  137.96941
    25    27    26    33.38428  137.96941
    25    33    32    33.38428  137.96941
    28    35    38    50.50400  107.47359
    28    35    39    50.50400  107.47359
    28    35    40    50.50400  107.47359
    35    28    36    50.50400  107.47359
    35    28    37    50.50400  107.47359
     2     1     3    37.16006  107.36803
    20    15    21    37.16006  107.36803
    17    11    18    37.16006  107.36803
    22    16    23    37.16006  107.36803
    22    16    24    37.16006  107.36803
    23    16    24    37.16006  107.36803
    36    28    37    37.16006  107.36803
    38    35    39    37.16006  107.36803
    38    35    40    37.16006  107.36803
    39    35    40    37.16006  107.36803
PHI
    6     8    14    10   2.63986 -1.0 2.0
    6     8    14     1   2.63986 -1.0 2.0
    6     4    12    10   2.63986 -1.0 2.0
    6     4    12    11   2.63986 -1.0 2.0
    8     6     4    12   2.63986 -1.0 2.0
    8     6     4    13   2.63986 -1.0 2.0
    8    14    10    12   2.63986 -1.0 2.0
    8    14    10     9   2.63986 -1.0 2.0
   14     8     6     4   2.63986 -1.0 2.0
   14     8     6     5   2.63986 -1.0 2.0
   14    10    12     4   2.63986 -1.0 2.0
   14    10    12    11   2.63986 -1.0 2.0
   10    14     8     7   2.63986 -1.0 2.0
   10    12     4    13   2.63986 -1.0 2.0
   12    10    14     1   2.63986 -1.0 2.0
   12     4     6     5   2.63986 -1.0 2.0
    4     6     8     7   2.63986 -1.0 2.0
    4    12    10     9   2.63986 -1.0 2.0
    1    14     8     7   2.63986 -1.0 2.0
    1    14    10     9   2.63986 -1.0 2.0
   11    12    10     9   2.63986 -1.0 2.0
   11    12     4    13   2.63986 -1.0 2.0
   15    19    31    29   2.63986 -1.0 2.0
   15    19    31    30   2.63986 -1.0 2.0
   15    19    33    25   2.63986 -1.0 2.0
   15    19    33    32   2.63986 -1.0 2.0
   27    29    31    19   2.63986 -1.0 2.0
   27    29    31    30   2.63986 -1.0 2.0
   27    25    33    19   2.63986 -1.0 2.0
   27    25    33    32   2.63986 -1.0 2.0
   29    27    25    33   2.63986 -1.0 2.0
   29    27    25    34   2.63986 -1.0 2.0
   29    31    19    33   2.63986 -1.0 2.0
   31    29    27    25   2.63986 -1.0 2.0
   31    29    27    26   2.63986 -1.0 2.0
   31    19    33    25   2.63986 -1.0 2.0
   31    19    33    32   2.63986 -1.0 2.0
   19    31    29    28   2.63986 -1.0 2.0
   19    33    25    34   2.63986 -1.0 2.0
   33    19    31    30   2.63986 -1.0 2.0
   33    25    27    26   2.63986 -1.0 2.0
   25    27    29    28   2.63986 -1.0 2.0
   28    29    27    26   2.63986 -1.0 2.0
   28    29    31    30   2.63986 -1.0 2.0
    5     6     8     7   2.63986 -1.0 2.0
    5     6     4    13   2.63986 -1.0 2.0
   26    27    25    34   2.63986 -1.0 2.0
   32    33    25    34   2.63986 -1.0 2.0
IPHI
     6     8    14     7   1.10000 -1.0 2.0
     6     4    12    13   1.10000 -1.0 2.0
     8     6     4     5   1.10000 -1.0 2.0
     8    14    10     1   1.10000 -1.0 2.0
    14    10    12     9   1.10000 -1.0 2.0
    10    12     4    11   1.10000 -1.0 2.0
    15    19    31    33   1.10000 -1.0 2.0
    27    29    31    28   1.10000 -1.0 2.0
    27    25    33    34   1.10000 -1.0 2.0
    29    27    25    26   1.10000 -1.0 2.0
    29    31    19    30   1.10000 -1.0 2.0
    19    33    25    32   1.10000 -1.0 2.0
END
