* LIGAND DATABASE FILE (openff_unconstrained-1.1.1)
* File generated with offpele-0.1.1
*
         29    30    48      74       0
    1     0 M  OFFT  _C1_     0    0.415261  116.524667 -172.521726
    2     1 M  OFFT  _C2_     0    1.412178  163.417705  -72.426465
    3     2 M  OFFT  _C3_     0    1.407411  150.183526   40.489018
    4     2 M  OFFT  _H1_     0    1.081821  145.517928 -139.174259
    5     3 M  OFFT  _C4_     0    1.408740  150.082607    0.415178
    6     3 M  OFFT  _H2_     0    1.080193  145.446211 -179.836601
    7     5 M  OFFT  _C5_     0    1.410064  149.870126   -0.510287
    8     7 M  OFFT  _C6_     0    1.407498  150.068716    0.275399
    9     7 M  OFFT  _H3_     0    1.079951  145.739311  179.888837
   10     8 M  OFFT  _H4_     0    1.078958  144.630818 -179.515748
   11     1 S  OFFT  _C7_     0    1.522179  172.726044 -169.501453
   12     5 S  OFFT  _C8_     0    1.513615  151.290663  179.395633
   13    11 S  OFFT  _C9_     0    1.538270  147.873626 -103.056260
   14    11 S  OFFT  _H14     0    1.079930  144.405955   76.877376
   15    12 S  OFFT  _H10     0    1.091029  139.287565 -176.155149
   16    12 S  OFFT  _H11     0    1.092025  138.546885  -57.162410
   17    12 S  OFFT  _H12     0    1.089898  139.098198   62.786536
   18    13 S  OFFT  _C13     0    1.521095  147.566809 -179.162114
   19    13 S  OFFT  _H13     0    1.079720  144.226672    0.874053
   20    22 S  OFFT  _C15     0    1.409079  150.000999   -0.248143
   21    22 S  OFFT  _H5_     0    1.079549  145.767429 -179.885597
   22    24 S  OFFT  _C10     0    1.405515  150.025661    0.234319
   23    24 S  OFFT  _H6_     0    1.079656  145.514753 -179.860077
   24    26 S  OFFT  _C11     0    1.409768  150.155893 -179.220785
   25    26 S  OFFT  _H7_     0    1.083720  145.766101    0.185449
   26    18 S  OFFT  _C12     0    1.411217  147.783149 -179.250611
   27    28 S  OFFT  _H8_     0    1.081304  144.599047 -179.777939
   28    20 S  OFFT  _C14     0    1.410877  150.023681    0.103892
   29    20 S  OFFT  _H9_     0    1.079510  145.542256  179.155471
NBON
     1   3.3997   0.0860  -0.061800   0.0000   1.6998   0.000000000   0.000000000
     2   3.3997   0.0860  -0.114500   0.0000   1.6998   0.000000000   0.000000000
     3   3.3997   0.0860  -0.132000   0.0000   1.6998   0.000000000   0.000000000
     4   2.5996   0.0150   0.131500   0.0000   1.2998   0.000000000   0.000000000
     5   3.3997   0.0860  -0.072300   0.0000   1.6998   0.000000000   0.000000000
     6   2.5996   0.0150   0.132000   0.0000   1.2998   0.000000000   0.000000000
     7   3.3997   0.0860  -0.132000   0.0000   1.6998   0.000000000   0.000000000
     8   3.3997   0.0860  -0.114500   0.0000   1.6998   0.000000000   0.000000000
     9   2.5996   0.0150   0.132000   0.0000   1.2998   0.000000000   0.000000000
    10   2.5996   0.0150   0.131500   0.0000   1.2998   0.000000000   0.000000000
    11   3.3997   0.0860  -0.102200   0.0000   1.6998   0.000000000   0.000000000
    12   3.3997   0.1094  -0.054800   0.0000   1.6998   0.000000000   0.000000000
    13   3.3997   0.0860  -0.107200   0.0000   1.6998   0.000000000   0.000000000
    14   2.5996   0.0150   0.126000   0.0000   1.2998   0.000000000   0.000000000
    15   2.6495   0.0157   0.045033   0.0000   1.3248   0.000000000   0.000000000
    16   2.6495   0.0157   0.045033   0.0000   1.3248   0.000000000   0.000000000
    17   2.6495   0.0157   0.045033   0.0000   1.3248   0.000000000   0.000000000
    18   3.3997   0.0860  -0.054800   0.0000   1.6998   0.000000000   0.000000000
    19   2.5996   0.0150   0.127000   0.0000   1.2998   0.000000000   0.000000000
    20   3.3997   0.0860  -0.131000   0.0000   1.6998   0.000000000   0.000000000
    21   2.5996   0.0150   0.131000   0.0000   1.2998   0.000000000   0.000000000
    22   3.3997   0.0860  -0.127000   0.0000   1.6998   0.000000000   0.000000000
    23   2.5996   0.0150   0.131000   0.0000   1.2998   0.000000000   0.000000000
    24   3.3997   0.0860  -0.131000   0.0000   1.6998   0.000000000   0.000000000
    25   2.5996   0.0150   0.131500   0.0000   1.2998   0.000000000   0.000000000
    26   3.3997   0.0860  -0.119000   0.0000   1.6998   0.000000000   0.000000000
    27   2.5996   0.0150   0.131500   0.0000   1.2998   0.000000000   0.000000000
    28   3.3997   0.0860  -0.119000   0.0000   1.6998   0.000000000   0.000000000
    29   2.5996   0.0150   0.131000   0.0000   1.2998   0.000000000   0.000000000
BOND
     1     2   351.893  1.389
     1     8   351.893  1.389
     1    11   285.668  1.459
     2     3   351.893  1.389
     2     4   404.029  1.085
     3     5   351.893  1.389
     3     6   404.029  1.085
     5     7   351.893  1.389
     5    12   323.485  1.504
     7     8   351.893  1.389
     7     9   404.029  1.085
     8    10   404.029  1.085
    11    13   418.744  1.372
    11    14   404.029  1.085
    12    15   378.968  1.093
    12    16   378.968  1.093
    12    17   378.968  1.093
    13    18   285.668  1.459
    13    19   404.029  1.085
    22    24   351.893  1.389
    22    20   351.893  1.389
    22    21   404.029  1.085
    24    26   351.893  1.389
    24    23   404.029  1.085
    26    18   351.893  1.389
    26    25   404.029  1.085
    18    28   351.893  1.389
    28    20   351.893  1.389
    28    27   404.029  1.085
    20    29   404.029  1.085
THET
     1     2     3    76.89126  132.05548
     1     2     4    33.38428  137.96941
     1     8     7    76.89126  132.05548
     1     8    10    33.38428  137.96941
     1    11    13    76.89126  132.05548
     1    11    14    33.38428  137.96941
     2     1     8    76.89126  132.05548
     2     1    11    76.89126  132.05548
     2     3     5    76.89126  132.05548
     2     3     6    33.38428  137.96941
     3     2     4    33.38428  137.96941
     3     5     7    76.89126  132.05548
     3     5    12    76.89126  132.05548
     5     3     6    33.38428  137.96941
     5     7     8    76.89126  132.05548
     5     7     9    33.38428  137.96941
     5    12    15    50.50400  107.47359
     5    12    16    50.50400  107.47359
     5    12    17    50.50400  107.47359
     7     5    12    76.89126  132.05548
     7     8    10    33.38428  137.96941
     8     1    11    76.89126  132.05548
     8     7     9    33.38428  137.96941
    11    13    18    76.89126  132.05548
    11    13    19    33.38428  137.96941
    13    11    14    33.38428  137.96941
    13    18    26    76.89126  132.05548
    13    18    28    76.89126  132.05548
    22    24    26    76.89126  132.05548
    22    24    23    33.38428  137.96941
    22    20    28    76.89126  132.05548
    22    20    29    33.38428  137.96941
    24    22    20    76.89126  132.05548
    24    22    21    33.38428  137.96941
    24    26    18    76.89126  132.05548
    24    26    25    33.38428  137.96941
    26    24    23    33.38428  137.96941
    26    18    28    76.89126  132.05548
    18    13    19    33.38428  137.96941
    18    26    25    33.38428  137.96941
    18    28    20    76.89126  132.05548
    18    28    27    33.38428  137.96941
    28    20    29    33.38428  137.96941
    20    22    21    33.38428  137.96941
    20    28    27    33.38428  137.96941
    15    12    16    37.16006  107.36803
    15    12    17    37.16006  107.36803
    16    12    17    37.16006  107.36803
PHI
    1     2     3     5   2.63986 -1.0 2.0
    1     2     3     6   2.63986 -1.0 2.0
    1     8     7     5   2.63986 -1.0 2.0
    1     8     7     9   2.63986 -1.0 2.0
    1    11    13    18   4.57156 -1.0 2.0
    1    11    13    19   4.57156 -1.0 2.0
    2     1     8     7   2.63986 -1.0 2.0
    2     1     8    10   2.63986 -1.0 2.0
    2     1    11    13   0.92416 -1.0 2.0
    2     1    11    14   0.92416 -1.0 2.0
    2     3     5     7   2.63986 -1.0 2.0
    2     3     5    12   2.63986 -1.0 2.0
    3     2     1     8   2.63986 -1.0 2.0
    3     2     1    11   2.63986 -1.0 2.0
    3     5     7     8   2.63986 -1.0 2.0
    3     5     7     9   2.63986 -1.0 2.0
    5     3     2     4   2.63986 -1.0 2.0
    5     7     8    10   2.63986 -1.0 2.0
    7     5     3     6   2.63986 -1.0 2.0
    7     8     1    11   2.63986 -1.0 2.0
    8     1     2     4   2.63986 -1.0 2.0
    8     1    11    13   0.92416 -1.0 2.0
    8     1    11    14   0.92416 -1.0 2.0
    8     7     5    12   2.63986 -1.0 2.0
   11     1     2     4   2.63986 -1.0 2.0
   11     1     8    10   2.63986 -1.0 2.0
   11    13    18    26   0.92416 -1.0 2.0
   11    13    18    28   0.92416 -1.0 2.0
   12     5     3     6   2.63986 -1.0 2.0
   12     5     7     9   2.63986 -1.0 2.0
   13    18    26    24   2.63986 -1.0 2.0
   13    18    26    25   2.63986 -1.0 2.0
   13    18    28    20   2.63986 -1.0 2.0
   13    18    28    27   2.63986 -1.0 2.0
   22    24    26    18   2.63986 -1.0 2.0
   22    24    26    25   2.63986 -1.0 2.0
   22    20    28    18   2.63986 -1.0 2.0
   22    20    28    27   2.63986 -1.0 2.0
   24    22    20    28   2.63986 -1.0 2.0
   24    22    20    29   2.63986 -1.0 2.0
   24    26    18    28   2.63986 -1.0 2.0
   26    24    22    20   2.63986 -1.0 2.0
   26    24    22    21   2.63986 -1.0 2.0
   26    18    13    19   0.92416 -1.0 2.0
   26    18    28    20   2.63986 -1.0 2.0
   26    18    28    27   2.63986 -1.0 2.0
   18    13    11    14   4.57156 -1.0 2.0
   18    26    24    23   2.63986 -1.0 2.0
   18    28    20    29   2.63986 -1.0 2.0
   28    18    13    19   0.92416 -1.0 2.0
   28    18    26    25   2.63986 -1.0 2.0
   28    20    22    21   2.63986 -1.0 2.0
   20    22    24    23   2.63986 -1.0 2.0
    4     2     3     6   2.63986 -1.0 2.0
    9     7     8    10   2.63986 -1.0 2.0
   21    22    24    23   2.63986 -1.0 2.0
   21    22    20    29   2.63986 -1.0 2.0
   23    24    26    25   2.63986 -1.0 2.0
   27    28    20    29   2.63986 -1.0 2.0
   19    13    11    14   4.57156 -1.0 2.0
IPHI
     1     2     3     4   1.10000 -1.0 2.0
     1     8     7    10   1.10000 -1.0 2.0
     1    11    13    14   1.10000 -1.0 2.0
     2     1     8    11   1.10000 -1.0 2.0
     2     3     5     6   1.10000 -1.0 2.0
     3     5     7    12   1.10000 -1.0 2.0
     5     7     8     9   1.10000 -1.0 2.0
    11    13    18    19   1.10000 -1.0 2.0
    13    18    26    28   1.10000 -1.0 2.0
    22    24    26    23   1.10000 -1.0 2.0
    22    20    28    29   1.10000 -1.0 2.0
    24    22    20    21   1.10000 -1.0 2.0
    24    26    18    25   1.10000 -1.0 2.0
    18    28    20    27   1.10000 -1.0 2.0
END
