* LIGAND DATABASE FILE (openff_unconstrained-1.1.1)
* File generated with offpele-0.1.1
*
BNZ      24    24    42      30       0
    1     0 M  OFFT  _C1_     0   34.649105  178.409955   15.739102
    2     1 M  OFFT  _C2_     0    1.387189  101.352803   48.950129
    3     1 M  OFFT  _H1_     0    1.079905   55.783613  169.504526
    4     2 M  OFFT  _C3_     0    1.400064  150.989309 -126.078590
    5     2 M  OFFT  _H2_     0    1.079775  145.888050   53.904556
    6     4 M  OFFT  _C4_     0    1.387395  149.434958   -0.576749
    7     6 M  OFFT  _C5_     0    1.392426  149.399773    1.294460
    8     6 M  OFFT  _H3_     0    1.079662  145.883762 -178.729077
    9     7 M  OFFT  _C6_     0    1.381572  151.033712   -1.610116
   10     9 M  OFFT  _H4_     0    1.079774  146.428687 -178.869784
   11     4 S  OFFT  _C7_     0    1.539459  151.566771  179.399774
   12     7 S  OFFT  _C8_     0    1.540630  151.671279  178.392179
   13    11 S  OFFT  _C9_     0    1.540302  144.771080   59.995009
   14    11 S  OFFT  _H5_     0    1.090463  137.893304  179.996416
   15    11 S  OFFT  _H6_     0    1.089772  137.873969  -59.993509
   16    12 S  OFFT  _C10     0    1.540044  144.716924  179.984959
   17    12 S  OFFT  _H10     0    1.089944  137.827508  -60.021476
   18    12 S  OFFT  _H11     0    1.089311  137.823900   59.996914
   19    13 S  OFFT  _H7_     0    1.090170  137.861288  179.970655
   20    13 S  OFFT  _H8_     0    1.090065  137.825656  -59.984880
   21    13 S  OFFT  _H9_     0    1.090327  137.826065   60.021605
   22    16 S  OFFT  _H12     0    1.090418  137.842848  179.995971
   23    16 S  OFFT  _H13     0    1.090119  137.887827  -60.026123
   24    16 S  OFFT  _H14     0    1.089567  137.840334   60.050581
NBON
     1   3.3997   0.0860  -0.126000   0.0000   1.6998   0.000000000   0.000000000
     2   3.3997   0.0860  -0.132000   0.0000   1.6998   0.000000000   0.000000000
     3   2.5996   0.0150   0.129000   0.0000   1.2998   0.000000000   0.000000000
     4   3.3997   0.0860  -0.075300   0.0000   1.6998   0.000000000   0.000000000
     5   2.5996   0.0150   0.130000   0.0000   1.2998   0.000000000   0.000000000
     6   3.3997   0.0860  -0.125000   0.0000   1.6998   0.000000000   0.000000000
     7   3.3997   0.0860  -0.075300   0.0000   1.6998   0.000000000   0.000000000
     8   2.5996   0.0150   0.130000   0.0000   1.2998   0.000000000   0.000000000
     9   3.3997   0.0860  -0.132000   0.0000   1.6998   0.000000000   0.000000000
    10   2.5996   0.0150   0.130000   0.0000   1.2998   0.000000000   0.000000000
    11   3.3997   0.1094  -0.038100   0.0000   1.6998   0.000000000   0.000000000
    12   3.3997   0.1094  -0.038100   0.0000   1.6998   0.000000000   0.000000000
    13   3.3997   0.1094  -0.089100   0.0000   1.6998   0.000000000   0.000000000
    14   2.6495   0.0157   0.046200   0.0000   1.3248   0.000000000   0.000000000
    15   2.6495   0.0157   0.046200   0.0000   1.3248   0.000000000   0.000000000
    16   3.3997   0.1094  -0.089100   0.0000   1.6998   0.000000000   0.000000000
    17   2.6495   0.0157   0.046200   0.0000   1.3248   0.000000000   0.000000000
    18   2.6495   0.0157   0.046200   0.0000   1.3248   0.000000000   0.000000000
    19   2.6495   0.0157   0.035700   0.0000   1.3248   0.000000000   0.000000000
    20   2.6495   0.0157   0.035700   0.0000   1.3248   0.000000000   0.000000000
    21   2.6495   0.0157   0.035700   0.0000   1.3248   0.000000000   0.000000000
    22   2.6495   0.0157   0.035700   0.0000   1.3248   0.000000000   0.000000000
    23   2.6495   0.0157   0.035700   0.0000   1.3248   0.000000000   0.000000000
    24   2.6495   0.0157   0.035700   0.0000   1.3248   0.000000000   0.000000000
BOND
     1     2   351.893  1.389
     1     9   351.893  1.389
     1     3   404.029  1.085
     2     4   351.893  1.389
     2     5   404.029  1.085
     4     6   351.893  1.389
     4    11   323.485  1.504
     6     7   351.893  1.389
     6     8   404.029  1.085
     7     9   351.893  1.389
     7    12   323.485  1.504
     9    10   404.029  1.085
    11    13   266.914  1.521
    11    14   378.968  1.093
    11    15   378.968  1.093
    12    16   266.914  1.521
    12    17   378.968  1.093
    12    18   378.968  1.093
    13    19   378.968  1.093
    13    20   378.968  1.093
    13    21   378.968  1.093
    16    22   378.968  1.093
    16    23   378.968  1.093
    16    24   378.968  1.093
THET
     1     2     4    76.89126  132.05548
     1     2     5    33.38428  137.96941
     1     9     7    76.89126  132.05548
     1     9    10    33.38428  137.96941
     2     1     9    76.89126  132.05548
     2     1     3    33.38428  137.96941
     2     4     6    76.89126  132.05548
     2     4    11    76.89126  132.05548
     4     2     5    33.38428  137.96941
     4     6     7    76.89126  132.05548
     4     6     8    33.38428  137.96941
     4    11    13    50.50400  107.47359
     4    11    14    50.50400  107.47359
     4    11    15    50.50400  107.47359
     6     4    11    76.89126  132.05548
     6     7     9    76.89126  132.05548
     6     7    12    76.89126  132.05548
     7     6     8    33.38428  137.96941
     7     9    10    33.38428  137.96941
     7    12    16    50.50400  107.47359
     7    12    17    50.50400  107.47359
     7    12    18    50.50400  107.47359
     9     1     3    33.38428  137.96941
     9     7    12    76.89126  132.05548
    11    13    19    50.50400  107.47359
    11    13    20    50.50400  107.47359
    11    13    21    50.50400  107.47359
    12    16    22    50.50400  107.47359
    12    16    23    50.50400  107.47359
    12    16    24    50.50400  107.47359
    13    11    14    50.50400  107.47359
    13    11    15    50.50400  107.47359
    16    12    17    50.50400  107.47359
    16    12    18    50.50400  107.47359
    14    11    15    37.16006  107.36803
    19    13    20    37.16006  107.36803
    19    13    21    37.16006  107.36803
    20    13    21    37.16006  107.36803
    17    12    18    37.16006  107.36803
    22    16    23    37.16006  107.36803
    22    16    24    37.16006  107.36803
    23    16    24    37.16006  107.36803
PHI
    1     2     4     6   2.63986 -1.0 2.0
    1     2     4    11   2.63986 -1.0 2.0
    1     9     7     6   2.63986 -1.0 2.0
    1     9     7    12   2.63986 -1.0 2.0
    2     1     9     7   2.63986 -1.0 2.0
    2     1     9    10   2.63986 -1.0 2.0
    2     4     6     7   2.63986 -1.0 2.0
    2     4     6     8   2.63986 -1.0 2.0
    4     2     1     9   2.63986 -1.0 2.0
    4     2     1     3   2.63986 -1.0 2.0
    4     6     7     9   2.63986 -1.0 2.0
    4     6     7    12   2.63986 -1.0 2.0
    6     4     2     5   2.63986 -1.0 2.0
    6     7     9    10   2.63986 -1.0 2.0
    7     6     4    11   2.63986 -1.0 2.0
    7     9     1     3   2.63986 -1.0 2.0
    9     1     2     5   2.63986 -1.0 2.0
    9     7     6     8   2.63986 -1.0 2.0
   11     4     2     5   2.63986 -1.0 2.0
   11     4     6     8   2.63986 -1.0 2.0
   12     7     6     8   2.63986 -1.0 2.0
   12     7     9    10   2.63986 -1.0 2.0
    3     1     2     5   2.63986 -1.0 2.0
    3     1     9    10   2.63986 -1.0 2.0
IPHI
     1     2     4     5   1.10000 -1.0 2.0
     1     9     7    10   1.10000 -1.0 2.0
     2     1     9     3   1.10000 -1.0 2.0
     2     4     6    11   1.10000 -1.0 2.0
     4     6     7     8   1.10000 -1.0 2.0
     6     7     9    12   1.10000 -1.0 2.0
END
