* LIGAND DATABASE FILE (openff_unconstrained-1.1.1)
* File generated with offpele-v0.2.0+62.g637640a.dirty
*
OLC      53    52    99      32       0
    1     0 M  OFFT  _C9_     0   17.528157  177.186180   -7.130508
    2     1 M  OFFT  _C10     0    1.350892   85.542153  -67.026215
    3     1 M  OFFT  _H15     0    1.072027  113.091569  179.496867
    4     2 M  OFFT  _H16     0    1.075778  144.065528 -108.949381
    5    10 S  OFFT  _C1_     0    1.534070  146.459238  -57.347284
    6    10 S  OFFT  _H1_     0    1.092012  137.841042 -177.573626
    7    10 S  OFFT  _H2_     0    1.088995  138.640809   66.807582
    8     5 S  OFFT  _O1_     0    1.251783  145.191519  115.455163
    9     5 S  OFFT  _O2_     0    1.251381  145.420843  -62.681368
   10    13 S  OFFT  _C2_     0    1.552346  147.665549  177.944696
   11    13 S  OFFT  _H3_     0    1.092404  137.900082   55.225585
   12    13 S  OFFT  _H4_     0    1.092708  137.843166  -60.331951
   13    16 S  OFFT  _C3_     0    1.551539  146.849745 -176.979717
   14    16 S  OFFT  _H5_     0    1.091088  138.443697   60.147621
   15    16 S  OFFT  _H6_     0    1.091104  137.456006  -55.416251
   16    19 S  OFFT  _C4_     0    1.542538  147.104861  179.499770
   17    19 S  OFFT  _H7_     0    1.090923  137.730058   57.577189
   18    19 S  OFFT  _H8_     0    1.090618  138.015132  -58.420104
   19    22 S  OFFT  _C5_     0    1.548782  146.196073  158.616972
   20    22 S  OFFT  _H9_     0    1.089202  138.511410   37.368170
   21    22 S  OFFT  _H10     0    1.091132  137.886539  -79.012615
   22    25 S  OFFT  _C6_     0    1.547587  148.136808 -154.921053
   23    25 S  OFFT  _H11     0    1.091981  137.647683   80.454388
   24    25 S  OFFT  _H12     0    1.089726  137.586081  -33.351510
   25    28 S  OFFT  _C7_     0    1.553904  146.339007  128.013531
   26    28 S  OFFT  _H13     0    1.088679  136.830070    6.044579
   27    28 S  OFFT  _H14     0    1.083480  139.311378 -109.144498
   28     1 S  OFFT  _C8_     0    1.530016   88.066488   67.407201
   29     2 S  OFFT  _C11     0    1.520740  156.463406   70.362911
   30    29 S  OFFT  _C12     0    1.545961  147.801014   92.974653
   31    29 S  OFFT  _H17     0    1.091088  137.168830 -144.750611
   32    29 S  OFFT  _H18     0    1.083166  137.884856  -32.144213
   33    30 S  OFFT  _C13     0    1.530276  144.935940  -56.083336
   34    30 S  OFFT  _H19     0    1.089660  138.649422   66.579014
   35    30 S  OFFT  _H32     0    1.089974  137.298899 -176.559980
   36    33 S  OFFT  _C14     0    1.529409  149.325830 -169.850223
   37    33 S  OFFT  _H20     0    1.086294  135.532225  -50.180885
   38    33 S  OFFT  _H33     0    1.090646  138.067731   64.494004
   39    36 S  OFFT  _C15     0    1.544032  144.282488  174.624955
   40    36 S  OFFT  _H21     0    1.091665  138.904969  -63.509766
   41    36 S  OFFT  _H22     0    1.089732  138.001867   53.510465
   42    39 S  OFFT  _C16     0    1.533041  147.484002 -150.403426
   43    39 S  OFFT  _H23     0    1.093121  137.838192  -29.930744
   44    39 S  OFFT  _H24     0    1.092151  137.917087   84.402670
   45    42 S  OFFT  _C17     0    1.539697  145.432104  167.453564
   46    42 S  OFFT  _H25     0    1.091158  138.184192  -69.943040
   47    42 S  OFFT  _H26     0    1.091038  137.924799   46.979382
   48    45 S  OFFT  _C18     0    1.531021  146.497118 -176.498864
   49    45 S  OFFT  _H27     0    1.092819  137.943487  -55.178653
   50    45 S  OFFT  _H28     0    1.091328  138.065738   60.530164
   51    48 S  OFFT  _H29     0    1.091022  138.622983  178.568784
   52    48 S  OFFT  _H30     0    1.090149  139.030102  -61.854915
   53    48 S  OFFT  _H31     0    1.090257  139.088260   58.991474
NBON
     1   3.3997   0.0860  -0.088530   0.0000   1.6998   0.000000000   0.000000000
     2   3.3997   0.0860  -0.088530   0.0000   1.6998   0.000000000   0.000000000
     3   2.5996   0.0150   0.057241   0.0000   1.2998   0.000000000   0.000000000
     4   2.5996   0.0150   0.057241   0.0000   1.2998   0.000000000   0.000000000
     5   3.3997   0.0860   0.041389   0.0000   1.6998   0.000000000   0.000000000
     6   2.6495   0.0157   0.032842   0.0000   1.3248   0.000000000   0.000000000
     7   2.6495   0.0157   0.032842   0.0000   1.3248   0.000000000   0.000000000
     8   2.9599   0.2100  -0.550166   0.0000   1.4800   0.000000000   0.000000000
     9   2.9599   0.2100  -0.550166   0.0000   1.4800   0.000000000   0.000000000
    10   3.3997   0.1094  -0.013139   0.0000   1.6998   0.000000000   0.000000000
    11   2.6495   0.0157   0.027030   0.0000   1.3248   0.000000000   0.000000000
    12   2.6495   0.0157   0.027030   0.0000   1.3248   0.000000000   0.000000000
    13   3.3997   0.1094  -0.048058   0.0000   1.6998   0.000000000   0.000000000
    14   2.6495   0.0157   0.026663   0.0000   1.3248   0.000000000   0.000000000
    15   2.6495   0.0157   0.026663   0.0000   1.3248   0.000000000   0.000000000
    16   3.3997   0.1094  -0.052943   0.0000   1.6998   0.000000000   0.000000000
    17   2.6495   0.0157   0.026651   0.0000   1.3248   0.000000000   0.000000000
    18   2.6495   0.0157   0.026651   0.0000   1.3248   0.000000000   0.000000000
    19   3.3997   0.1094  -0.053279   0.0000   1.6998   0.000000000   0.000000000
    20   2.6495   0.0157   0.026662   0.0000   1.3248   0.000000000   0.000000000
    21   2.6495   0.0157   0.026662   0.0000   1.3248   0.000000000   0.000000000
    22   3.3997   0.1094  -0.053007   0.0000   1.6998   0.000000000   0.000000000
    23   2.6495   0.0157   0.026966   0.0000   1.3248   0.000000000   0.000000000
    24   2.6495   0.0157   0.026966   0.0000   1.3248   0.000000000   0.000000000
    25   3.3997   0.1094  -0.049822   0.0000   1.6998   0.000000000   0.000000000
    26   2.6495   0.0157   0.030959   0.0000   1.3248   0.000000000   0.000000000
    27   2.6495   0.0157   0.030959   0.0000   1.3248   0.000000000   0.000000000
    28   3.3997   0.1094  -0.035069   0.0000   1.6998   0.000000000   0.000000000
    29   3.3997   0.1094  -0.035069   0.0000   1.6998   0.000000000   0.000000000
    30   3.3997   0.1094  -0.049822   0.0000   1.6998   0.000000000   0.000000000
    31   2.6495   0.0157   0.030959   0.0000   1.3248   0.000000000   0.000000000
    32   2.6495   0.0157   0.030959   0.0000   1.3248   0.000000000   0.000000000
    33   3.3997   0.1094  -0.053007   0.0000   1.6998   0.000000000   0.000000000
    34   2.6495   0.0157   0.026966   0.0000   1.3248   0.000000000   0.000000000
    35   2.6495   0.0157   0.026966   0.0000   1.3248   0.000000000   0.000000000
    36   3.3997   0.1094  -0.053291   0.0000   1.6998   0.000000000   0.000000000
    37   2.6495   0.0157   0.026662   0.0000   1.3248   0.000000000   0.000000000
    38   2.6495   0.0157   0.026662   0.0000   1.3248   0.000000000   0.000000000
    39   3.3997   0.1094  -0.053312   0.0000   1.6998   0.000000000   0.000000000
    40   2.6495   0.0157   0.026651   0.0000   1.3248   0.000000000   0.000000000
    41   2.6495   0.0157   0.026651   0.0000   1.3248   0.000000000   0.000000000
    42   3.3997   0.1094  -0.053565   0.0000   1.6998   0.000000000   0.000000000
    43   2.6495   0.0157   0.026651   0.0000   1.3248   0.000000000   0.000000000
    44   2.6495   0.0157   0.026651   0.0000   1.3248   0.000000000   0.000000000
    45   3.3997   0.1094  -0.056168   0.0000   1.6998   0.000000000   0.000000000
    46   2.6495   0.0157   0.026641   0.0000   1.3248   0.000000000   0.000000000
    47   2.6495   0.0157   0.026641   0.0000   1.3248   0.000000000   0.000000000
    48   3.3997   0.1094  -0.065381   0.0000   1.6998   0.000000000   0.000000000
    49   2.6495   0.0157   0.026369   0.0000   1.3248   0.000000000   0.000000000
    50   2.6495   0.0157   0.026369   0.0000   1.3248   0.000000000   0.000000000
    51   2.6495   0.0157   0.023034   0.0000   1.3248   0.000000000   0.000000000
    52   2.6495   0.0157   0.023034   0.0000   1.3248   0.000000000   0.000000000
    53   2.6495   0.0157   0.023034   0.0000   1.3248   0.000000000   0.000000000
BOND
    10     5   289.140  1.519
    10    13   266.914  1.521
    10     6   378.968  1.093
    10     7   378.968  1.093
     5     8   613.762  1.258
     5     9   613.762  1.258
    13    16   266.914  1.521
    13    11   378.968  1.093
    13    12   378.968  1.093
    16    19   266.914  1.521
    16    14   378.968  1.093
    16    15   378.968  1.093
    19    22   266.914  1.521
    19    17   378.968  1.093
    19    18   378.968  1.093
    22    25   266.914  1.521
    22    20   378.968  1.093
    22    21   378.968  1.093
    25    28   266.914  1.521
    25    23   378.968  1.093
    25    24   378.968  1.093
    28     1   323.485  1.504
    28    26   378.968  1.093
    28    27   378.968  1.093
     1     2   418.744  1.372
     1     3   404.029  1.085
     2    29   323.485  1.504
     2     4   404.029  1.085
    29    30   266.914  1.521
    29    31   378.968  1.093
    29    32   378.968  1.093
    30    33   266.914  1.521
    30    34   378.968  1.093
    30    35   378.968  1.093
    33    36   266.914  1.521
    33    37   378.968  1.093
    33    38   378.968  1.093
    36    39   266.914  1.521
    36    40   378.968  1.093
    36    41   378.968  1.093
    39    42   266.914  1.521
    39    43   378.968  1.093
    39    44   378.968  1.093
    42    45   266.914  1.521
    42    46   378.968  1.093
    42    47   378.968  1.093
    45    48   266.914  1.521
    45    49   378.968  1.093
    45    50   378.968  1.093
    48    51   378.968  1.093
    48    52   378.968  1.093
    48    53   378.968  1.093
THET
    10     5     8    76.89126  132.05548
    10     5     9    76.89126  132.05548
    10    13    16    50.50400  107.47359
    10    13    11    50.50400  107.47359
    10    13    12    50.50400  107.47359
     5    10    13    50.50400  107.47359
     5    10     6    50.50400  107.47359
     5    10     7    50.50400  107.47359
    13    10     6    50.50400  107.47359
    13    10     7    50.50400  107.47359
    13    16    19    50.50400  107.47359
    13    16    14    50.50400  107.47359
    13    16    15    50.50400  107.47359
     8     5     9    99.46044  136.40041
    16    13    11    50.50400  107.47359
    16    13    12    50.50400  107.47359
    16    19    22    50.50400  107.47359
    16    19    17    50.50400  107.47359
    16    19    18    50.50400  107.47359
    19    16    14    50.50400  107.47359
    19    16    15    50.50400  107.47359
    19    22    25    50.50400  107.47359
    19    22    20    50.50400  107.47359
    19    22    21    50.50400  107.47359
    22    19    17    50.50400  107.47359
    22    19    18    50.50400  107.47359
    22    25    28    50.50400  107.47359
    22    25    23    50.50400  107.47359
    22    25    24    50.50400  107.47359
    25    22    20    50.50400  107.47359
    25    22    21    50.50400  107.47359
    25    28     1    50.50400  107.47359
    25    28    26    50.50400  107.47359
    25    28    27    50.50400  107.47359
    28    25    23    50.50400  107.47359
    28    25    24    50.50400  107.47359
    28     1     2    76.89126  132.05548
    28     1     3    33.38428  137.96941
     1    28    26    50.50400  107.47359
     1    28    27    50.50400  107.47359
     1     2    29    76.89126  132.05548
     1     2     4    33.38428  137.96941
     2     1     3    33.38428  137.96941
     2    29    30    50.50400  107.47359
     2    29    31    50.50400  107.47359
     2    29    32    50.50400  107.47359
    29     2     4    33.38428  137.96941
    29    30    33    50.50400  107.47359
    29    30    34    50.50400  107.47359
    29    30    35    50.50400  107.47359
    30    29    31    50.50400  107.47359
    30    29    32    50.50400  107.47359
    30    33    36    50.50400  107.47359
    30    33    37    50.50400  107.47359
    30    33    38    50.50400  107.47359
    33    30    34    50.50400  107.47359
    33    30    35    50.50400  107.47359
    33    36    39    50.50400  107.47359
    33    36    40    50.50400  107.47359
    33    36    41    50.50400  107.47359
    36    33    37    50.50400  107.47359
    36    33    38    50.50400  107.47359
    36    39    42    50.50400  107.47359
    36    39    43    50.50400  107.47359
    36    39    44    50.50400  107.47359
    39    36    40    50.50400  107.47359
    39    36    41    50.50400  107.47359
    39    42    45    50.50400  107.47359
    39    42    46    50.50400  107.47359
    39    42    47    50.50400  107.47359
    42    39    43    50.50400  107.47359
    42    39    44    50.50400  107.47359
    42    45    48    50.50400  107.47359
    42    45    49    50.50400  107.47359
    42    45    50    50.50400  107.47359
    45    42    46    50.50400  107.47359
    45    42    47    50.50400  107.47359
    45    48    51    50.50400  107.47359
    45    48    52    50.50400  107.47359
    45    48    53    50.50400  107.47359
    48    45    49    50.50400  107.47359
    48    45    50    50.50400  107.47359
     6    10     7    37.16006  107.36803
    11    13    12    37.16006  107.36803
    14    16    15    37.16006  107.36803
    17    19    18    37.16006  107.36803
    20    22    21    37.16006  107.36803
    23    25    24    37.16006  107.36803
    26    28    27    37.16006  107.36803
    31    29    32    37.16006  107.36803
    34    30    35    37.16006  107.36803
    37    33    38    37.16006  107.36803
    40    36    41    37.16006  107.36803
    43    39    44    37.16006  107.36803
    46    42    47    37.16006  107.36803
    49    45    50    37.16006  107.36803
    51    48    52    37.16006  107.36803
    51    48    53    37.16006  107.36803
    52    48    53    37.16006  107.36803
PHI
   28     1     2    29   5.47483 -1.0 2.0
   28     1     2     4   4.57156 -1.0 2.0
    1     2    29    31   0.24516 -1.0 3.0
    1     2    29    32   0.24516 -1.0 3.0
    2     1    28    26   0.24516 -1.0 3.0
    2     1    28    27   0.24516 -1.0 3.0
   29     2     1     3   4.57156 -1.0 2.0
    3     1     2     4   4.57156 -1.0 2.0
   10    13    16    19   0.43198 -1.0 2.0
   13    16    19    22   0.43198 -1.0 2.0
   16    19    22    25   0.43198 -1.0 2.0
   19    22    25    28   0.43198 -1.0 2.0
   28     1     2    29   1.09364 -1.0 1.0
   29    30    33    36   0.43198 -1.0 2.0
   30    33    36    39   0.43198 -1.0 2.0
   33    36    39    42   0.43198 -1.0 2.0
   36    39    42    45   0.43198 -1.0 2.0
   39    42    45    48   0.43198 -1.0 2.0
   10    13    16    19   0.41329 -1.0 1.0
   13    16    19    22   0.41329 -1.0 1.0
    8     5    10     6  -0.03472 -1.0 3.0
    8     5    10     7  -0.03472 -1.0 3.0
   16    19    22    25   0.41329 -1.0 1.0
   19    22    25    28   0.41329 -1.0 1.0
   29    30    33    36   0.41329 -1.0 1.0
   30    33    36    39   0.41329 -1.0 1.0
   33    36    39    42   0.41329 -1.0 1.0
   36    39    42    45   0.41329 -1.0 1.0
   39    42    45    48   0.41329 -1.0 1.0
IPHI
    10     5     8     9  10.50000 -1.0 2.0
    28     1     2     3   1.10000 -1.0 2.0
     1     2    29     4   1.10000 -1.0 2.0
END
