* LIGAND DATABASE FILE (openff_unconstrained-1.1.1)
* File generated with offpele-0.1.1
*
BNZ      38    39    66      74       0
    1     0 M  OFFT  _C7_     0   36.257097  178.616875   20.974463
    2     1 M  OFFT  _C9_     0    1.347307  101.776819  110.079362
    3     1 M  OFFT  _H20     0    1.081012   99.486150  -12.156572
    4     2 M  OFFT  _H19     0    1.080602  145.645744   76.026283
    5     7 S  OFFT  _C6_     0    1.408563  150.084428    1.253361
    6     7 S  OFFT  _H1_     0    1.079530  145.491131 -178.942488
    7     9 S  OFFT  _C1_     0    1.408629  150.104162 -178.552836
    8     9 S  OFFT  _H2_     0    1.078561  145.906862    2.978874
    9    15 S  OFFT  _C2_     0    1.410722  150.150988  -88.454406
   10    11 S  OFFT  _H3_     0    1.079015  145.255009  179.837070
   11    13 S  OFFT  _C4_     0    1.412576  149.461864   -1.108183
   12    13 S  OFFT  _C8_     0    1.526547  152.555025  178.205275
   13     5 S  OFFT  _C5_     0    1.414513  150.191458   -0.023901
   14     5 S  OFFT  _H4_     0    1.081041  144.725801  179.462624
   15     1 S  OFFT  _C3_     0    1.467447   73.415143 -126.369772
   16    12 S  OFFT  _C10     0    1.537908  148.000980   -1.418988
   17    12 S  OFFT  _H5_     0    1.090072  137.462868  121.699274
   18    12 S  OFFT  _H6_     0    1.091596  137.127151 -123.666686
   19     2 S  OFFT  _C14     0    1.472405  154.244760 -103.355226
   20    16 S  OFFT  _H7_     0    1.090621  138.875044 -178.857288
   21    16 S  OFFT  _H8_     0    1.090899  139.010188  -59.369111
   22    16 S  OFFT  _H9_     0    1.090083  138.977388   61.597503
   23    25 S  OFFT  _C16     0    1.407238  150.041128   -0.223158
   24    25 S  OFFT  _H10     0    1.081579  145.732869  179.752390
   25    27 S  OFFT  _C11     0    1.409726  149.717524   -0.081503
   26    27 S  OFFT  _C17     0    1.519556  151.452912 -179.692708
   27    29 S  OFFT  _C12     0    1.411072  150.442681  178.963703
   28    29 S  OFFT  _H11     0    1.080436  145.197415   -0.743675
   29    19 S  OFFT  _C13     0    1.411760  148.690966 -179.852728
   30    31 S  OFFT  _H12     0    1.079288  144.818065  179.482184
   31    23 S  OFFT  _C15     0    1.409210  150.071522   -0.220222
   32    23 S  OFFT  _H13     0    1.080200  145.613725  179.686271
   33    26 S  OFFT  _C18     0    1.533801  146.412343 -113.732936
   34    26 S  OFFT  _H14     0    1.089788  138.297497    8.543203
   35    26 S  OFFT  _H15     0    1.090945  137.532643  124.253563
   36    33 S  OFFT  _H16     0    1.090145  138.917520  178.865885
   37    33 S  OFFT  _H17     0    1.089672  139.236881  -61.169248
   38    33 S  OFFT  _H18     0    1.089747  138.833037   59.027536
NBON
     1   3.3997   0.0860  -0.104200   0.0000   1.6998   0.000000000   0.000000000
     2   3.3997   0.0860  -0.104200   0.0000   1.6998   0.000000000   0.000000000
     3   2.5996   0.0150   0.127000   0.0000   1.2998   0.000000000   0.000000000
     4   2.5996   0.0150   0.127000   0.0000   1.2998   0.000000000   0.000000000
     5   3.3997   0.0860  -0.125000   0.0000   1.6998   0.000000000   0.000000000
     6   2.5996   0.0150   0.131000   0.0000   1.2998   0.000000000   0.000000000
     7   3.3997   0.0860  -0.129000   0.0000   1.6998   0.000000000   0.000000000
     8   2.5996   0.0150   0.132000   0.0000   1.2998   0.000000000   0.000000000
     9   3.3997   0.0860  -0.122000   0.0000   1.6998   0.000000000   0.000000000
    10   2.5996   0.0150   0.131000   0.0000   1.2998   0.000000000   0.000000000
    11   3.3997   0.0860  -0.117000   0.0000   1.6998   0.000000000   0.000000000
    12   3.3997   0.1094  -0.038100   0.0000   1.6998   0.000000000   0.000000000
    13   3.3997   0.0860  -0.077300   0.0000   1.6998   0.000000000   0.000000000
    14   2.5996   0.0150   0.132000   0.0000   1.2998   0.000000000   0.000000000
    15   3.3997   0.0860  -0.053800   0.0000   1.6998   0.000000000   0.000000000
    16   3.3997   0.1094  -0.090100   0.0000   1.6998   0.000000000   0.000000000
    17   2.6495   0.0157   0.046700   0.0000   1.3248   0.000000000   0.000000000
    18   2.6495   0.0157   0.046700   0.0000   1.3248   0.000000000   0.000000000
    19   3.3997   0.0860  -0.053800   0.0000   1.6998   0.000000000   0.000000000
    20   2.6495   0.0157   0.036033   0.0000   1.3248   0.000000000   0.000000000
    21   2.6495   0.0157   0.036033   0.0000   1.3248   0.000000000   0.000000000
    22   2.6495   0.0157   0.036033   0.0000   1.3248   0.000000000   0.000000000
    23   3.3997   0.0860  -0.129000   0.0000   1.6998   0.000000000   0.000000000
    24   2.5996   0.0150   0.132000   0.0000   1.2998   0.000000000   0.000000000
    25   3.3997   0.0860  -0.125000   0.0000   1.6998   0.000000000   0.000000000
    26   3.3997   0.1094  -0.038100   0.0000   1.6998   0.000000000   0.000000000
    27   3.3997   0.0860  -0.077300   0.0000   1.6998   0.000000000   0.000000000
    28   2.5996   0.0150   0.131000   0.0000   1.2998   0.000000000   0.000000000
    29   3.3997   0.0860  -0.117000   0.0000   1.6998   0.000000000   0.000000000
    30   2.5996   0.0150   0.132000   0.0000   1.2998   0.000000000   0.000000000
    31   3.3997   0.0860  -0.122000   0.0000   1.6998   0.000000000   0.000000000
    32   2.5996   0.0150   0.131000   0.0000   1.2998   0.000000000   0.000000000
    33   3.3997   0.1094  -0.090100   0.0000   1.6998   0.000000000   0.000000000
    34   2.6495   0.0157   0.046700   0.0000   1.3248   0.000000000   0.000000000
    35   2.6495   0.0157   0.046700   0.0000   1.3248   0.000000000   0.000000000
    36   2.6495   0.0157   0.036033   0.0000   1.3248   0.000000000   0.000000000
    37   2.6495   0.0157   0.036033   0.0000   1.3248   0.000000000   0.000000000
    38   2.6495   0.0157   0.036033   0.0000   1.3248   0.000000000   0.000000000
BOND
     7     9   351.893  1.389
     7     5   351.893  1.389
     7     6   404.029  1.085
     9    15   351.893  1.389
     9     8   404.029  1.085
    15    11   351.893  1.389
    15     1   285.668  1.459
    11    13   351.893  1.389
    11    10   404.029  1.085
    13     5   351.893  1.389
    13    12   323.485  1.504
     5    14   404.029  1.085
     1     2   418.744  1.372
     1     3   404.029  1.085
    12    16   266.914  1.521
    12    17   378.968  1.093
    12    18   378.968  1.093
     2    19   285.668  1.459
     2     4   404.029  1.085
    16    20   378.968  1.093
    16    21   378.968  1.093
    16    22   378.968  1.093
    25    27   351.893  1.389
    25    23   351.893  1.389
    25    24   404.029  1.085
    27    29   351.893  1.389
    27    26   323.485  1.504
    29    19   351.893  1.389
    29    28   404.029  1.085
    19    31   351.893  1.389
    31    23   351.893  1.389
    31    30   404.029  1.085
    23    32   404.029  1.085
    26    33   266.914  1.521
    26    34   378.968  1.093
    26    35   378.968  1.093
    33    36   378.968  1.093
    33    37   378.968  1.093
    33    38   378.968  1.093
THET
     7     9    15    76.89126  132.05548
     7     9     8    33.38428  137.96941
     7     5    13    76.89126  132.05548
     7     5    14    33.38428  137.96941
     9     7     5    76.89126  132.05548
     9     7     6    33.38428  137.96941
     9    15    11    76.89126  132.05548
     9    15     1    76.89126  132.05548
    15     9     8    33.38428  137.96941
    15    11    13    76.89126  132.05548
    15    11    10    33.38428  137.96941
    15     1     2    76.89126  132.05548
    15     1     3    33.38428  137.96941
    11    15     1    76.89126  132.05548
    11    13     5    76.89126  132.05548
    11    13    12    76.89126  132.05548
    13    11    10    33.38428  137.96941
    13     5    14    33.38428  137.96941
    13    12    16    50.50400  107.47359
    13    12    17    50.50400  107.47359
    13    12    18    50.50400  107.47359
     5     7     6    33.38428  137.96941
     5    13    12    76.89126  132.05548
     1     2    19    76.89126  132.05548
     1     2     4    33.38428  137.96941
    12    16    20    50.50400  107.47359
    12    16    21    50.50400  107.47359
    12    16    22    50.50400  107.47359
     2     1     3    33.38428  137.96941
     2    19    29    76.89126  132.05548
     2    19    31    76.89126  132.05548
    16    12    17    50.50400  107.47359
    16    12    18    50.50400  107.47359
    25    27    29    76.89126  132.05548
    25    27    26    76.89126  132.05548
    25    23    31    76.89126  132.05548
    25    23    32    33.38428  137.96941
    27    25    23    76.89126  132.05548
    27    25    24    33.38428  137.96941
    27    29    19    76.89126  132.05548
    27    29    28    33.38428  137.96941
    27    26    33    50.50400  107.47359
    27    26    34    50.50400  107.47359
    27    26    35    50.50400  107.47359
    29    27    26    76.89126  132.05548
    29    19    31    76.89126  132.05548
    19     2     4    33.38428  137.96941
    19    29    28    33.38428  137.96941
    19    31    23    76.89126  132.05548
    19    31    30    33.38428  137.96941
    31    23    32    33.38428  137.96941
    23    25    24    33.38428  137.96941
    23    31    30    33.38428  137.96941
    26    33    36    50.50400  107.47359
    26    33    37    50.50400  107.47359
    26    33    38    50.50400  107.47359
    33    26    34    50.50400  107.47359
    33    26    35    50.50400  107.47359
    17    12    18    37.16006  107.36803
    20    16    21    37.16006  107.36803
    20    16    22    37.16006  107.36803
    21    16    22    37.16006  107.36803
    34    26    35    37.16006  107.36803
    36    33    37    37.16006  107.36803
    36    33    38    37.16006  107.36803
    37    33    38    37.16006  107.36803
PHI
    7     9    15    11   2.63986 -1.0 2.0
    7     9    15     1   2.63986 -1.0 2.0
    7     5    13    11   2.63986 -1.0 2.0
    7     5    13    12   2.63986 -1.0 2.0
    9     7     5    13   2.63986 -1.0 2.0
    9     7     5    14   2.63986 -1.0 2.0
    9    15    11    13   2.63986 -1.0 2.0
    9    15    11    10   2.63986 -1.0 2.0
    9    15     1     2   0.92416 -1.0 2.0
    9    15     1     3   0.92416 -1.0 2.0
   15     9     7     5   2.63986 -1.0 2.0
   15     9     7     6   2.63986 -1.0 2.0
   15    11    13     5   2.63986 -1.0 2.0
   15    11    13    12   2.63986 -1.0 2.0
   15     1     2    19   4.57156 -1.0 2.0
   15     1     2     4   4.57156 -1.0 2.0
   11    15     9     8   2.63986 -1.0 2.0
   11    15     1     2   0.92416 -1.0 2.0
   11    15     1     3   0.92416 -1.0 2.0
   11    13     5    14   2.63986 -1.0 2.0
   13    11    15     1   2.63986 -1.0 2.0
   13     5     7     6   2.63986 -1.0 2.0
    5     7     9     8   2.63986 -1.0 2.0
    5    13    11    10   2.63986 -1.0 2.0
    1    15     9     8   2.63986 -1.0 2.0
    1    15    11    10   2.63986 -1.0 2.0
    1     2    19    29   0.92416 -1.0 2.0
    1     2    19    31   0.92416 -1.0 2.0
   12    13    11    10   2.63986 -1.0 2.0
   12    13     5    14   2.63986 -1.0 2.0
    2    19    29    27   2.63986 -1.0 2.0
    2    19    29    28   2.63986 -1.0 2.0
    2    19    31    23   2.63986 -1.0 2.0
    2    19    31    30   2.63986 -1.0 2.0
   25    27    29    19   2.63986 -1.0 2.0
   25    27    29    28   2.63986 -1.0 2.0
   25    23    31    19   2.63986 -1.0 2.0
   25    23    31    30   2.63986 -1.0 2.0
   27    25    23    31   2.63986 -1.0 2.0
   27    25    23    32   2.63986 -1.0 2.0
   27    29    19    31   2.63986 -1.0 2.0
   29    27    25    23   2.63986 -1.0 2.0
   29    27    25    24   2.63986 -1.0 2.0
   29    19     2     4   0.92416 -1.0 2.0
   29    19    31    23   2.63986 -1.0 2.0
   29    19    31    30   2.63986 -1.0 2.0
   19     2     1     3   4.57156 -1.0 2.0
   19    29    27    26   2.63986 -1.0 2.0
   19    31    23    32   2.63986 -1.0 2.0
   31    19     2     4   0.92416 -1.0 2.0
   31    19    29    28   2.63986 -1.0 2.0
   31    23    25    24   2.63986 -1.0 2.0
   23    25    27    26   2.63986 -1.0 2.0
   26    27    25    24   2.63986 -1.0 2.0
   26    27    29    28   2.63986 -1.0 2.0
    6     7     9     8   2.63986 -1.0 2.0
    6     7     5    14   2.63986 -1.0 2.0
   24    25    23    32   2.63986 -1.0 2.0
   30    31    23    32   2.63986 -1.0 2.0
    4     2     1     3   4.57156 -1.0 2.0
IPHI
     7     9    15     8   1.10000 -1.0 2.0
     7     5    13    14   1.10000 -1.0 2.0
     9     7     5     6   1.10000 -1.0 2.0
     9    15    11     1   1.10000 -1.0 2.0
    15    11    13    10   1.10000 -1.0 2.0
    15     1     2     3   1.10000 -1.0 2.0
    11    13     5    12   1.10000 -1.0 2.0
     1     2    19     4   1.10000 -1.0 2.0
     2    19    29    31   1.10000 -1.0 2.0
    25    27    29    26   1.10000 -1.0 2.0
    25    23    31    32   1.10000 -1.0 2.0
    27    25    23    24   1.10000 -1.0 2.0
    27    29    19    28   1.10000 -1.0 2.0
    19    31    23    30   1.10000 -1.0 2.0
END
