* LIGAND DATABASE FILE (openff_unconstrained-1.1.1)
* File generated with offpele-v0.2.0+62.g637640a.dirty
*
BNZ      15    15    24      30       0
    1     0 M  OFFT  _C1_     0   34.649105  178.409955   15.739102
    2     1 M  OFFT  _C2_     0    1.387189  101.352803   48.950129
    3     1 M  OFFT  _H1_     0    1.079905   55.783613  169.504526
    4     2 M  OFFT  _C3_     0    1.400064  150.989309 -126.078590
    5     2 M  OFFT  _H2_     0    1.079775  145.888050   53.904556
    6     4 M  OFFT  _C4_     0    1.387395  149.434958   -0.576749
    7     4 M  OFFT  _C7_     0    1.539459  151.566771  179.399774
    8     6 M  OFFT  _C5_     0    1.392426  149.399773    1.294460
    9     6 M  OFFT  _H4_     0    1.079662  145.883762 -178.729077
   10     8 M  OFFT  _C6_     0    1.381572  151.033712   -1.610116
   11     8 M  OFFT  _H5_     0    1.079603  145.828598  178.393336
   12    10 M  OFFT  _H6_     0    1.079774  146.428687 -178.869784
   13     7 M  OFFT  _H7_     0    1.090463  137.893304  179.996416
   14     7 M  OFFT  _H8_     0    1.089772  137.873969  -59.993509
   15     7 M  OFFT  _H9_     0    1.089999  137.869748   60.003859
NBON
     1   3.3997   0.0860  -0.126500   0.0000   1.6998   0.000000000   0.000000000
     2   3.3997   0.0860  -0.131000   0.0000   1.6998   0.000000000   0.000000000
     3   2.5996   0.0150   0.130000   0.0000   1.2998   0.000000000   0.000000000
     4   3.3997   0.0860  -0.077300   0.0000   1.6998   0.000000000   0.000000000
     5   2.5996   0.0150   0.130000   0.0000   1.2998   0.000000000   0.000000000
     6   3.3997   0.0860  -0.131000   0.0000   1.6998   0.000000000   0.000000000
     7   3.3997   0.1094  -0.053800   0.0000   1.6998   0.000000000   0.000000000
     8   3.3997   0.0860  -0.126500   0.0000   1.6998   0.000000000   0.000000000
     9   2.5996   0.0150   0.130000   0.0000   1.2998   0.000000000   0.000000000
    10   3.3997   0.0860  -0.135000   0.0000   1.6998   0.000000000   0.000000000
    11   2.5996   0.0150   0.130000   0.0000   1.2998   0.000000000   0.000000000
    12   2.5996   0.0150   0.130000   0.0000   1.2998   0.000000000   0.000000000
    13   2.6495   0.0157   0.043367   0.0000   1.3248   0.000000000   0.000000000
    14   2.6495   0.0157   0.043367   0.0000   1.3248   0.000000000   0.000000000
    15   2.6495   0.0157   0.043367   0.0000   1.3248   0.000000000   0.000000000
BOND
     1     2   351.893  1.389
     1    10   351.893  1.389
     1     3   404.029  1.085
     2     4   351.893  1.389
     2     5   404.029  1.085
     4     6   351.893  1.389
     4     7   323.485  1.504
     6     8   351.893  1.389
     6     9   404.029  1.085
     8    10   351.893  1.389
     8    11   404.029  1.085
    10    12   404.029  1.085
     7    13   378.968  1.093
     7    14   378.968  1.093
     7    15   378.968  1.093
THET
     1     2     4    76.89126  132.05548
     1     2     5    33.38428  137.96941
     1    10     8    76.89126  132.05548
     1    10    12    33.38428  137.96941
     2     1    10    76.89126  132.05548
     2     1     3    33.38428  137.96941
     2     4     6    76.89126  132.05548
     2     4     7    76.89126  132.05548
     4     2     5    33.38428  137.96941
     4     6     8    76.89126  132.05548
     4     6     9    33.38428  137.96941
     4     7    13    50.50400  107.47359
     4     7    14    50.50400  107.47359
     4     7    15    50.50400  107.47359
     6     4     7    76.89126  132.05548
     6     8    10    76.89126  132.05548
     6     8    11    33.38428  137.96941
     8     6     9    33.38428  137.96941
     8    10    12    33.38428  137.96941
    10     1     3    33.38428  137.96941
    10     8    11    33.38428  137.96941
    13     7    14    37.16006  107.36803
    13     7    15    37.16006  107.36803
    14     7    15    37.16006  107.36803
PHI
    1     2     4     6   2.63986 -1.0 2.0
    1     2     4     7   2.63986 -1.0 2.0
    1    10     8     6   2.63986 -1.0 2.0
    1    10     8    11   2.63986 -1.0 2.0
    2     1    10     8   2.63986 -1.0 2.0
    2     1    10    12   2.63986 -1.0 2.0
    2     4     6     8   2.63986 -1.0 2.0
    2     4     6     9   2.63986 -1.0 2.0
    4     2     1    10   2.63986 -1.0 2.0
    4     2     1     3   2.63986 -1.0 2.0
    4     6     8    10   2.63986 -1.0 2.0
    4     6     8    11   2.63986 -1.0 2.0
    6     4     2     5   2.63986 -1.0 2.0
    6     8    10    12   2.63986 -1.0 2.0
    8     6     4     7   2.63986 -1.0 2.0
    8    10     1     3   2.63986 -1.0 2.0
   10     1     2     5   2.63986 -1.0 2.0
   10     8     6     9   2.63986 -1.0 2.0
    7     4     2     5   2.63986 -1.0 2.0
    7     4     6     9   2.63986 -1.0 2.0
    3     1     2     5   2.63986 -1.0 2.0
    3     1    10    12   2.63986 -1.0 2.0
    9     6     8    11   2.63986 -1.0 2.0
   11     8    10    12   2.63986 -1.0 2.0
IPHI
     1     2     4     5   1.10000 -1.0 2.0
     1    10     8    12   1.10000 -1.0 2.0
     2     1    10     3   1.10000 -1.0 2.0
     2     4     6     7   1.10000 -1.0 2.0
     4     6     8     9   1.10000 -1.0 2.0
     6     8    10    11   1.10000 -1.0 2.0
END
