* LIGAND DATABASE FILE (openff_unconstrained-1.2.0)
* File generated with offpele-0.3.1+32.gdf9713a
*
GRW      34    34    58      87       0
    1     0 M  OFFT  _N__     0  108.117208  179.413527 -163.351068
    2     1 M  OFFT  _CA_     0    1.459176  168.426642  -38.756593
    3     1 M  OFFT  _H__     0    1.010162   53.372670   16.840664
    4     1 M  OFFT  _HN_     0    1.010182   67.524662 -113.706436
    5     2 M  OFFT  _C__     0    1.537583  146.234907  157.155564
    6     2 M  OFFT  _HA_     0    1.089387  137.324632  -87.860632
    7     5 M  OFFT  _O__     0    1.232759  147.115542  -30.647078
    8     5 M  OFFT  _HXT     0    1.079926  143.430940  149.362068
    9     2 S  OFFT  _CB_     0    1.535559  147.366754   29.339044
   10     9 S  OFFT  _SG_     0    1.826873  147.039922  -72.699745
   11     9 S  OFFT  _HB2     0    1.085782  140.260360   54.929958
   12     9 S  OFFT  _HB3     0    1.091235  137.911131  172.509936
   13    10 S  OFFT  _C4_     0    1.803831  144.043535  115.796933
   14    20 S  OFFT  _N1_     0    1.429731  155.065009  -38.643907
   15    14 S  OFFT  _C2_     0    1.524746  145.211287  177.976941
   16    15 S  OFFT  _C3_     0    1.450100  143.168108    3.678244
   17    15 S  OFFT  _C6_     0    1.491318  150.446555 -174.541436
   18    16 S  OFFT  _O1_     0    1.502458  143.650612   -1.800549
   19    16 S  OFFT  _C5_     0    1.497293  158.357212 -179.251940
   20    13 S  OFFT  _C1_     0    1.462465  148.135916   -7.180431
   21    13 S  OFFT  _N2_     0    1.265041  141.259780  171.796533
   22    21 S  OFFT  _H7_     0    1.012378  141.750779 -179.444242
   23    19 S  OFFT  _C7_     0    1.537500  147.864783  -13.627252
   24    19 S  OFFT  _H1_     0    1.090598  138.262171 -136.515618
   25    19 S  OFFT  _H3_     0    1.089342  137.729088  108.783323
   26    17 S  OFFT  _H4_     0    1.090176  139.850465   -0.279162
   27    17 S  OFFT  _H5_     0    1.089285  139.260313  119.213326
   28    17 S  OFFT  _H6_     0    1.090395  139.754765 -121.130843
   29    23 S  OFFT  _C8_     0    1.532581  146.367189  176.156598
   30    23 S  OFFT  _H2_     0    1.087413  138.270453   55.580050
   31    23 S  OFFT  _H8_     0    1.090648  138.067450  -61.461455
   32    29 S  OFFT  _H9_     0    1.091018  138.909280 -178.360425
   33    29 S  OFFT  _H10     0    1.091153  139.142107  -58.737708
   34    29 S  OFFT  _H11     0    1.090048  139.015648   61.755647
NBON
     1   3.2500   0.1700  -0.893800   0.0000   1.6250   0.000000000   0.000000000
     2   3.3997   0.1094   0.072500   0.0000   1.6998   0.000000000   0.000000000
     3   1.0691   0.0157   0.371300   0.0000   0.5345   0.000000000   0.000000000
     4   1.0691   0.0157   0.371300   0.0000   0.5345   0.000000000   0.000000000
     5   3.3997   0.0860   0.571900   0.0000   1.6998   0.000000000   0.000000000
     6   2.4714   0.0157   0.077700   0.0000   1.2357   0.000000000   0.000000000
     7   2.9599   0.2100  -0.515100   0.0000   1.4800   0.000000000   0.000000000
     8   2.5106   0.0150   0.003200   0.0000   1.2553   0.000000000   0.000000000
     9   3.3997   0.1094  -0.087300   0.0000   1.6998   0.000000000   0.000000000
    10   3.5636   0.2500  -0.144300   0.0000   1.7818   0.000000000   0.000000000
    11   2.4714   0.0157   0.085700   0.0000   1.2357   0.000000000   0.000000000
    12   2.4714   0.0157   0.085700   0.0000   1.2357   0.000000000   0.000000000
    13   3.3997   0.0860   0.406200   0.0000   1.6998   0.000000000   0.000000000
    14   3.2500   0.1700  -0.644000   0.0000   1.6250   0.000000000   0.000000000
    15   3.3997   0.0860   0.244300   0.0000   1.6998   0.000000000   0.000000000
    16   3.3997   0.0860   0.181700   0.0000   1.6998   0.000000000   0.000000000
    17   3.3997   0.1094  -0.122400   0.0000   1.6998   0.000000000   0.000000000
    18   3.0000   0.1700  -0.373800   0.0000   1.5000   0.000000000   0.000000000
    19   3.3997   0.1094  -0.113700   0.0000   1.6998   0.000000000   0.000000000
    20   3.3997   0.0860   0.368100   0.0000   1.6998   0.000000000   0.000000000
    21   3.2500   0.1700  -0.706100   0.0000   1.6250   0.000000000   0.000000000
    22   1.0691   0.0157   0.410400   0.0000   0.5345   0.000000000   0.000000000
    23   3.3997   0.1094  -0.078400   0.0000   1.6998   0.000000000   0.000000000
    24   2.6495   0.0157   0.069700   0.0000   1.3248   0.000000000   0.000000000
    25   2.6495   0.0157   0.069700   0.0000   1.3248   0.000000000   0.000000000
    26   2.6495   0.0157   0.057033   0.0000   1.3248   0.000000000   0.000000000
    27   2.6495   0.0157   0.057033   0.0000   1.3248   0.000000000   0.000000000
    28   2.6495   0.0157   0.057033   0.0000   1.3248   0.000000000   0.000000000
    29   3.3997   0.1094  -0.096100   0.0000   1.6998   0.000000000   0.000000000
    30   2.6495   0.0157   0.048700   0.0000   1.3248   0.000000000   0.000000000
    31   2.6495   0.0157   0.048700   0.0000   1.3248   0.000000000   0.000000000
    32   2.6495   0.0157   0.038367   0.0000   1.3248   0.000000000   0.000000000
    33   2.6495   0.0157   0.038367   0.0000   1.3248   0.000000000   0.000000000
    34   2.6495   0.0157   0.038367   0.0000   1.3248   0.000000000   0.000000000
BOND
     1     2   363.747  1.464
     1     3   500.171  1.020
     1     4   500.171  1.020
     2     5   332.575  1.524
     2     9   263.209  1.521
     2     6   376.894  1.094
     5     7   608.329  1.225
     5     8   404.208  1.086
     9    10   227.585  1.834
     9    11   376.894  1.094
     9    12   376.894  1.094
    10    13   270.433  1.762
    20    14   489.963  1.303
    20    18   363.922  1.362
    20    13   297.210  1.456
    14    15   346.017  1.378
    15    16   404.839  1.372
    15    17   299.089  1.500
    16    18   363.922  1.362
    16    19   299.089  1.500
    13    21   489.963  1.303
    21    22   500.171  1.020
    19    23   263.209  1.521
    19    24   376.894  1.094
    19    25   376.894  1.094
    17    26   376.894  1.094
    17    27   376.894  1.094
    17    28   376.894  1.094
    23    29   263.209  1.521
    23    30   376.894  1.094
    23    31   376.894  1.094
    29    32   376.894  1.094
    29    33   376.894  1.094
    29    34   376.894  1.094
THET
     1     2     5    50.00416  110.81136
     1     2     9    50.00416  110.81136
     1     2     6    50.00416  110.81136
     2     1     3    45.67822  112.77251
     2     1     4    45.67822  112.77251
     2     5     7    78.67881  128.27719
     2     5     8    34.20296  133.13398
     2     9    10    50.00416  110.81136
     2     9    11    50.00416  110.81136
     2     9    12    50.00416  110.81136
     5     2     9    50.00416  110.81136
     5     2     6    50.00416  110.81136
     7     5     8    34.20296  133.13398
     9     2     6    50.00416  110.81136
     9    10    13    57.81855   98.28049
    10     9    11    50.00416  110.81136
    10     9    12    50.00416  110.81136
    10    13    20    78.67881  128.27719
    10    13    21    78.67881  128.27719
    20    14    15    85.26519  114.85458
    20    18    16   102.56792  113.93684
    20    13    21    78.67881  128.27719
    14    20    18    78.67881  128.27719
    14    20    13    34.22767  135.36139
    14    15    16    78.67881  128.27719
    14    15    17    34.22767  135.36139
    15    16    18    78.67881  128.27719
    15    16    19    34.22767  135.36139
    15    17    26    50.00416  110.81136
    15    17    27    50.00416  110.81136
    15    17    28    50.00416  110.81136
    16    15    17    34.22767  135.36139
    16    19    23    50.00416  110.81136
    16    19    24    50.00416  110.81136
    16    19    25    50.00416  110.81136
    18    20    13    34.22767  135.36139
    18    16    19    34.22767  135.36139
    13    21    22    59.86615  118.56298
    19    23    29    50.00416  110.81136
    19    23    30    50.00416  110.81136
    19    23    31    50.00416  110.81136
    23    19    24    50.00416  110.81136
    23    19    25    50.00416  110.81136
    23    29    32    50.00416  110.81136
    23    29    33    50.00416  110.81136
    23    29    34    50.00416  110.81136
    29    23    30    50.00416  110.81136
    29    23    31    50.00416  110.81136
     3     1     4    45.67822  112.77251
    11     9    12    33.78876  110.24686
    24    19    25    33.78876  110.24686
    26    17    27    33.78876  110.24686
    26    17    28    33.78876  110.24686
    27    17    28    33.78876  110.24686
    30    23    31    33.78876  110.24686
    32    29    33    33.78876  110.24686
    32    29    34    33.78876  110.24686
    33    29    34    33.78876  110.24686
PHI
    1     2     5     7  -0.39977  1.0 2.0
    1     2     5     8   0.14940  1.0 3.0
    1     2     9    10   0.17873  1.0 3.0
    1     2     9    11   0.17873  1.0 3.0
    1     2     9    12   0.17873  1.0 3.0
    2     9    10    13   0.49805 -1.0 2.0
    5     2     1     3   0.23992  1.0 3.0
    5     2     1     4   0.23992  1.0 3.0
    5     2     9    10   0.17873  1.0 3.0
    5     2     9    11   0.17873  1.0 3.0
    5     2     9    12   0.17873  1.0 3.0
    7     5     2     9  -0.39977  1.0 2.0
    7     5     2     6   0.51072  1.0 1.0
    9     2     1     3   0.23992  1.0 3.0
    9     2     1     4   0.23992  1.0 3.0
    9     2     5     8   0.14940  1.0 3.0
    9    10    13    20   0.49805 -1.0 2.0
    9    10    13    21   0.49805 -1.0 2.0
   10     9     2     6   0.17873  1.0 3.0
   10    13    20    14   0.93505 -1.0 2.0
   10    13    20    18   0.93505 -1.0 2.0
   10    13    21    22   6.86725 -1.0 2.0
   20    14   -15    16   1.56775 -1.0 2.0
   20    14    15    17   1.52049 -1.0 2.0
   20    18   -16    15   2.18209 -1.0 2.0
   20    18    16    19   2.18209 -1.0 2.0
   20    13    21    22   6.86725 -1.0 2.0
   14    20   -18    16   2.18209 -1.0 2.0
   14    20    13    21   0.93505 -1.0 2.0
   14    15   -16    18   5.37602 -1.0 2.0
   14    15    16    19   5.37602 -1.0 2.0
   14    15    17    26   0.14940  1.0 3.0
   14    15    17    27   0.14940  1.0 3.0
   14    15    17    28   0.14940  1.0 3.0
   15    14   -20    18   6.86725 -1.0 2.0
   15    14    20    13   6.86725 -1.0 2.0
   15    16    19    23  -0.39977  1.0 2.0
   15    16    19    24   0.16017 -1.0 3.0
   15    16    19    25   0.16017 -1.0 3.0
   16    15    17    26   0.16017 -1.0 3.0
   16    15    17    27   0.16017 -1.0 3.0
   16    15    17    28   0.16017 -1.0 3.0
   16    18    20    13   2.18209 -1.0 2.0
   16    19    23    29   0.17873  1.0 3.0
   16    19    23    30   0.17873  1.0 3.0
   16    19    23    31   0.17873  1.0 3.0
   18    20    13    21   0.93505 -1.0 2.0
   18    16    15    17   5.37602 -1.0 2.0
   18    16    19    23   0.14940  1.0 3.0
   18    16    19    24   0.14940  1.0 3.0
   18    16    19    25   0.14940  1.0 3.0
   13    10     9    11   0.26157  1.0 3.0
   13    10     9    12   0.26157  1.0 3.0
   19    16    15    17   5.49675 -1.0 2.0
   19    23    29    32   0.05630  1.0 3.0
   19    23    29    33   0.05630  1.0 3.0
   19    23    29    34   0.05630  1.0 3.0
   29    23    19    24   0.05630  1.0 3.0
   29    23    19    25   0.05630  1.0 3.0
    3     1     2     6   0.23992  1.0 3.0
    6     2     1     4   0.23992  1.0 3.0
    6     2     5     8   0.14940  1.0 3.0
    6     2     9    11   0.15768  1.0 3.0
    6     2     9    12   0.15768  1.0 3.0
   24    19    23    30   0.15768  1.0 3.0
   24    19    23    31   0.15768  1.0 3.0
   25    19    23    30   0.15768  1.0 3.0
   25    19    23    31   0.15768  1.0 3.0
   30    23    29    32   0.15768  1.0 3.0
   30    23    29    33   0.15768  1.0 3.0
   30    23    29    34   0.15768  1.0 3.0
   31    23    29    32   0.15768  1.0 3.0
   31    23    29    33   0.15768  1.0 3.0
   31    23    29    34   0.15768  1.0 3.0
    7     5     2     6  -0.02752  1.0 2.0
   15    16    19    24  -0.00633  1.0 1.0
   15    16    19    25  -0.00633  1.0 1.0
   16    15    17    26  -0.00633  1.0 1.0
   16    15    17    27  -0.00633  1.0 1.0
   16    15    17    28  -0.00633  1.0 1.0
   19    16    15    17   1.89233 -1.0 1.0
    7     5     2     6  -0.10575 -1.0 3.0
IPHI
     2     5     7     8   1.10000 -1.0 2.0
    10    13    20    21   1.10000 -1.0 2.0
    14    20    18    13   1.10000 -1.0 2.0
    14    15    16    17   1.10000 -1.0 2.0
    15    16    18    19   1.10000 -1.0 2.0
END
