* LIGAND DATABASE FILE (openff_unconstrained-1.2.0.offxml)
* File generated with offpele-0.3.1+80.gd1ab941.dirty
*
BNZ      12    12    18      30       0
    1     0 M  OFFT  _C1_     0   34.649105  178.409955   15.739102
    2     1 M  OFFT  _C2_     0    1.387189  101.352803   48.950129
    3     1 M  OFFT  _H1_     0    1.079905   55.783613  169.504526
    4     2 M  OFFT  _C3_     0    1.400064  150.989309 -126.078590
    5     2 M  OFFT  _H2_     0    1.079775  145.888050   53.904556
    6     4 M  OFFT  _C4_     0    1.387395  149.434958   -0.576749
    7     4 M  OFFT  _H3_     0    1.080184  145.739954  179.400198
    8     6 M  OFFT  _C5_     0    1.392426  149.399773    1.294460
    9     6 M  OFFT  _H4_     0    1.079662  145.883762 -178.729077
   10     8 M  OFFT  _C6_     0    1.381572  151.033712   -1.610116
   11     8 M  OFFT  _H5_     0    1.079603  145.828598  178.393336
   12    10 M  OFFT  _H6_     0    1.079774  146.428687 -178.869784
NBON
     1   3.3997   0.0860  -0.130000   0.0000   1.6998   0.000000000   0.000000000
     2   3.3997   0.0860  -0.130000   0.0000   1.6998   0.000000000   0.000000000
     3   2.5996   0.0150   0.130000   0.0000   1.2998   0.000000000   0.000000000
     4   3.3997   0.0860  -0.130000   0.0000   1.6998   0.000000000   0.000000000
     5   2.5996   0.0150   0.130000   0.0000   1.2998   0.000000000   0.000000000
     6   3.3997   0.0860  -0.130000   0.0000   1.6998   0.000000000   0.000000000
     7   2.5996   0.0150   0.130000   0.0000   1.2998   0.000000000   0.000000000
     8   3.3997   0.0860  -0.130000   0.0000   1.6998   0.000000000   0.000000000
     9   2.5996   0.0150   0.130000   0.0000   1.2998   0.000000000   0.000000000
    10   3.3997   0.0860  -0.130000   0.0000   1.6998   0.000000000   0.000000000
    11   2.5996   0.0150   0.130000   0.0000   1.2998   0.000000000   0.000000000
    12   2.5996   0.0150   0.130000   0.0000   1.2998   0.000000000   0.000000000
BOND
     1     2   336.003  1.390
     1    10   336.003  1.390
     1     3   404.208  1.086
     2     4   336.003  1.390
     2     5   404.208  1.086
     4     6   336.003  1.390
     4     7   404.208  1.086
     6     8   336.003  1.390
     6     9   404.208  1.086
     8    10   336.003  1.390
     8    11   404.208  1.086
    10    12   404.208  1.086
THET
     1     2     4    78.67881  128.27719
     1     2     5    34.20296  133.13398
     1    10     8    78.67881  128.27719
     1    10    12    34.20296  133.13398
     2     1    10    78.67881  128.27719
     2     1     3    34.20296  133.13398
     2     4     6    78.67881  128.27719
     2     4     7    34.20296  133.13398
     4     2     5    34.20296  133.13398
     4     6     8    78.67881  128.27719
     4     6     9    34.20296  133.13398
     6     4     7    34.20296  133.13398
     6     8    10    78.67881  128.27719
     6     8    11    34.20296  133.13398
     8     6     9    34.20296  133.13398
     8    10    12    34.20296  133.13398
    10     1     3    34.20296  133.13398
    10     8    11    34.20296  133.13398
PHI
    1     2     4     6   3.02176 -1.0 2.0
    1     2     4     7   3.02176 -1.0 2.0
    1    10    -8     6   3.02176 -1.0 2.0
    1    10     8    11   3.02176 -1.0 2.0
    2     1    10     8   3.02176 -1.0 2.0
    2     1    10    12   3.02176 -1.0 2.0
    2     4    -6     8   3.02176 -1.0 2.0
    2     4     6     9   3.02176 -1.0 2.0
    4     2     1    10   3.02176 -1.0 2.0
    4     2     1     3   3.02176 -1.0 2.0
    4     6    -8    10   3.02176 -1.0 2.0
    4     6     8    11   3.02176 -1.0 2.0
    6     4     2     5   3.02176 -1.0 2.0
    6     8    10    12   3.02176 -1.0 2.0
    8     6     4     7   3.02176 -1.0 2.0
    8    10     1     3   3.02176 -1.0 2.0
   10     1     2     5   3.02176 -1.0 2.0
   10     8     6     9   3.02176 -1.0 2.0
    3     1     2     5   3.02176 -1.0 2.0
    3     1    10    12   3.02176 -1.0 2.0
    5     2     4     7   3.02176 -1.0 2.0
    7     4     6     9   3.02176 -1.0 2.0
    9     6     8    11   3.02176 -1.0 2.0
   11     8    10    12   3.02176 -1.0 2.0
IPHI
     1     2     4     5   1.10000 -1.0 2.0
     1    10     8    12   1.10000 -1.0 2.0
     2     1    10     3   1.10000 -1.0 2.0
     2     4     6     7   1.10000 -1.0 2.0
     4     6     8     9   1.10000 -1.0 2.0
     6     8    10    11   1.10000 -1.0 2.0
END
